1.24525 -0.951126 0.210101
1.70406 -1.28473 0.337052
1.52214 -0.936297 0.165461
1.29304 -0.85467 0.12681
1.93824 -0.661796 1.7129
2.00095 -1.10227 0.850635
2.36941 -0.328735 1.33228
2.32789 -0.169561 2.01629
1.64603 0.0712479 1.41002
1.21133 -0.643712 0.158886
1.09418 -0.939626 0.338173
1.35331 -0.607358 1.59442
1.5543 -0.676781 0.037157
2.2189 0.0254664 0.864633
0.908922 -2.19944 -0.688952
0.972193 -2.19474 -1.42282
1.48653 -1.76233 -1.13924
1.65375 -1.62654 -0.0126134
0.667996 -1.31798 -1.02981
0.507563 -1.73735 -0.300728
1.47438 -1.04092 -1.06205
0.950792 -1.05965 0.545448
1.01747 -0.908153 1.05594
0.670366 -1.3572 0.30486
1.26196 -0.191678 0.701204
1.11071 -0.526698 0.182235
0.857545 -0.748668 -0.292218
1.71681 -0.526223 -0.0448832
1.97508 -0.219032 0.253184
1.68279 -0.637992 -0.511029
0.902578 -0.298888 0.177451
1.95128 -0.255848 -0.235211
0.637359 -1.17666 0.821768
1.95025 -1.48628 0.42624
1.37392 -1.51179 2.68506
0.848256 -0.689327 1.75835
1.41991 0.505195 1.51677
3.04288 0.0544002 3.12867
3.61907 0.0801685 0.869806
2.34514 0.372138 0.548065
0.119746 -1.71623 -0.0433686
0.327211 -1.03519 -1.18581
0.281243 -3.05227 -0.0174075
0.857399 -3.02647 -2.27628
2.52638 -1.46031 -1.83265
1.61664 -0.654866 -1.25355
1.99619 0.530885 -0.742088
-0.202846 0.955838 -0.0951872
-0.248982 -1.0611 1.07309
4.19538 0.105894 -1.38909
-0.295089 -3.07808 2.24149
